 Segments after gcd elimination:        1528
  2  1  0
  3  0  1
  6  1  1
 10  2  1
 11  1  2
 18  3  1
 19  1  3
 26  3  2
 27  2  3
 34  4  1
 35  1  4
 42  4  3
 43  3  4
 50  5  1
 51  1  5
 58  5  2
 59  2  5
 66  5  3
 67  3  5
 74  6  1
 75  1  6
 82  5  4
 83  4  5
 90  7  1
 91  1  7
 98  7  2
 99  2  7
 Segments used:          34
 First start step:           1           0

Min area polygons found so far: 0, next n2 = 2 (1,0)
...+.
17 151    137.000000  (4,0),(5,0),(7,1),(8,2),(9,4),(10,7),(10,8),(9,10),(8,11),(7,11),(5,10),(2,8),(1,7),(0,5),(0,4),(1,2),(2,1)
      0.0781 s: 2 6 3 12 28 7 29 13 4 8 15 5 16 9 33 17
     Lengths^2: 1 5 2 5 10 1 5 2 1 5 13 2 5 1 5 2 5

17 151   -137.000000  (4,0),(5,0),(7,1),(8,2),(9,4),(10,7),(10,8),(9,10),(8,11),(7,11),(5,10),(2,8),(1,7),(0,5),(0,4),(1,2),(2,1)
      0.0781 s: 2 6 3 12 28 7 29 13 4 8 15 5 16 9 33 17
     Lengths^2: 1 5 2 5 10 1 5 2 1 5 13 2 5 1 5 2 5
...1....+....2....+....3....
Min area polygons found so far: 24, next n2 = 6 (1,1)
...+....1....+....2....+....3....
Min area polygons found so far: 48, next n2 = 10 (2,1)
...+....1....+....2....+....3....
Min area polygons found so far: 65, next n2 = 18 (3,1)
...+....1....+....2....+....3....
Min area polygons found so far: 70, next n2 = 26 (3,2)
...+....1....+....2....+....3....
Min area polygons found so far: 75, next n2 = 34 (4,1)
...+....1....+....2....+....3....
CPU time:       8.7812 s
Number of polygons with minimum area: 75
