 .\27w.exe 50
 Segments after gcd elimination:        1528
  2  1  0
  3  0  1
  6  1  1
 10  2  1
 11  1  2
 18  3  1
 19  1  3
 26  3  2
 27  2  3
 34  4  1
 35  1  4
 42  4  3
 43  3  4
 50  5  1
 51  1  5
 58  5  2
 59  2  5
 66  5  3
 67  3  5
 74  6  1
 75  1  6
 82  5  4
 83  4  5
 90  7  1
 91  1  7
 98  7  2
 99  2  7
 Segments used:          50
 First start step:           1           0

Min area polygons found so far: 0, next n2 = 2 (1,0)
..
27 853   1285.000000  (0,0),(1,0),(1,1),(0,4),(-1,6),(-3,9),(-6,13),(-7,14),(-11,17),(-14,19),(-16,20),(-19,21),(-23,22),(-24,22),(-26,21),(-29,19),(-30,18),(-31,16),(-31,15),(-30,12),(-29,10),(-28,9),(-24,6),(-21,4),(-19,3),(-16,2),(-12,1)
     33.0938 s: 2 3 20 12 28 44 7 45 29 13 21 37 4 14 30 8 15 5 24 16 9 49 33 17 25 41
     Lengths^2: 1 1 10 5 13 25 2 25 13 5 10 17 1 5 13 2 5 1 10 5 2 25 13 5 10 17

27 853  -1285.000000  (0,0),(1,0),(1,1),(0,4),(-1,6),(-3,9),(-6,13),(-7,14),(-11,17),(-14,19),(-16,20),(-19,21),(-23,22),(-24,22),(-26,21),(-29,19),(-30,18),(-31,16),(-31,15),(-30,12),(-29,10),(-28,9),(-24,6),(-21,4),(-19,3),(-16,2),(-12,1)
     33.0938 s: 2 3 20 12 28 44 7 45 29 13 21 37 4 14 30 8 15 5 24 16 9 49 33 17 25 41
     Lengths^2: 1 1 10 5 13 25 2 25 13 5 10 17 1 5 13 2 5 1 10 5 2 25 13 5 10 17

27 812   1322.000000  (0,0),(1,0),(1,1),(0,4),(-1,6),(-3,9),(-6,13),(-7,14),(-11,17),(-14,19),(-16,20),(-19,21),(-23,22),(-24,22),(-27,21),(-29,20),(-30,19),(-31,17),(-31,16),(-30,13),(-29,11),(-28,10),(-24,7),(-21,5),(-19,4),(-16,3),(-12,2)
     33.1094 s: 2 3 20 12 28 44 7 45 29 13 21 37 4 22 14 8 15 5 24 16 9 49 33 17 25 41
     Lengths^2: 1 1 10 5 13 25 2 25 13 5 10 17 1 10 5 2 5 1 10 5 2 25 13 5 10 17

27 812  -1322.000000  (0,0),(1,0),(1,1),(0,4),(-1,6),(-3,9),(-6,13),(-7,14),(-11,17),(-14,19),(-16,20),(-19,21),(-23,22),(-24,22),(-27,21),(-29,20),(-30,19),(-31,17),(-31,16),(-30,13),(-29,11),(-28,10),(-24,7),(-21,5),(-19,4),(-16,3),(-12,2)
     33.1094 s: 2 3 20 12 28 44 7 45 29 13 21 37 4 22 14 8 15 5 24 16 9 49 33 17 25 41
     Lengths^2: 1 1 10 5 13 25 2 25 13 5 10 17 1 10 5 2 5 1 10 5 2 25 13 5 10 17

27 757   1184.000000  (0,0),(1,0),(1,1),(0,5),(-1,8),(-2,10),(-4,13),(-7,17),(-8,18),(-11,20),(-13,21),(-16,22),(-20,23),(-21,23),(-24,22),(-26,21),(-27,20),(-27,19),(-26,15),(-25,13),(-23,10),(-22,9),(-18,6),(-15,4),(-13,3),(-10,2),(-6,1)
    168.1875 s: 2 3 36 20 12 28 44 7 29 13 21 37 4 22 14 8 5 40 16 32 9 49 33 17 25 41
     Lengths^2: 1 1 17 10 5 13 25 2 13 5 10 17 1 10 5 2 1 17 5 13 2 25 13 5 10 17

27 737   1154.000000  (0,0),(1,0),(1,1),(0,5),(-1,8),(-2,10),(-4,13),(-7,17),(-8,18),(-12,21),(-15,23),(-17,24),(-20,25),(-21,25),(-23,24),(-24,23),(-25,20),(-25,19),(-24,15),(-23,12),(-22,10),(-21,9),(-17,6),(-14,4),(-12,3),(-9,2),(-5,1)
    172.0469 s: 2 3 36 20 12 28 44 7 45 29 13 21 4 14 8 23 5 40 24 16 9 49 33 17 25 41
     Lengths^2: 1 1 17 10 5 13 25 2 25 13 5 10 1 5 2 10 1 17 10 5 2 25 13 5 10 17
.+.
27 733   1053.000000  (0,0),(1,0),(2,1),(2,2),(1,5),(0,7),(-2,10),(-5,14),(-6,15),(-10,18),(-13,20),(-15,21),(-18,22),(-19,22),(-22,21),(-24,20),(-25,19),(-26,17),(-26,16),(-25,12),(-24,10),(-23,9),(-19,6),(-16,4),(-14,3),(-11,2),(-7,1)
    331.4219 s: 2 6 3 20 12 28 44 7 45 29 13 21 4 22 14 8 15 5 40 16 9 49 33 17 25 41
     Lengths^2: 1 2 1 10 5 13 25 2 25 13 5 10 1 10 5 2 5 1 17 5 2 25 13 5 10 17

27 685   1117.000000  (0,0),(1,0),(2,1),(2,2),(1,5),(0,7),(-2,10),(-5,14),(-6,15),(-10,18),(-13,20),(-15,21),(-18,22),(-22,23),(-23,23),(-24,22),(-25,20),(-25,19),(-24,15),(-23,12),(-22,10),(-21,9),(-17,6),(-14,4),(-12,3),(-9,2),(-5,1)
    331.4688 s: 2 6 3 20 12 28 44 7 45 29 13 21 37 4 8 15 5 40 24 16 9 49 33 17 25 41
     Lengths^2: 1 2 1 10 5 13 25 2 25 13 5 10 17 1 2 5 1 17 10 5 2 25 13 5 10 17

27 681   1184.000000  (0,0),(1,0),(2,1),(2,2),(1,5),(0,7),(-2,10),(-5,14),(-6,15),(-10,18),(-13,20),(-15,21),(-18,22),(-22,23),(-23,23),(-25,22),(-26,21),(-26,20),(-25,17),(-24,15),(-22,12),(-19,8),(-18,7),(-14,4),(-12,3),(-9,2),(-5,1)
    331.4688 s: 2 6 3 20 12 28 44 7 45 29 13 21 37 4 14 8 5 24 16 32 48 9 49 17 25 41
     Lengths^2: 1 2 1 10 5 13 25 2 25 13 5 10 17 1 5 2 1 10 5 13 25 2 25 5 10 17

27 675   1117.000000  (0,0),(1,0),(2,1),(2,2),(1,6),(0,9),(-1,11),(-3,14),(-6,18),(-7,19),(-10,21),(-12,22),(-15,23),(-19,24),(-20,24),(-23,23),(-24,22),(-24,21),(-23,18),(-22,16),(-20,13),(-17,9),(-16,8),(-12,5),(-9,3),(-7,2),(-4,1)
    449.3125 s: 2 6 3 36 20 12 28 44 7 29 13 21 37 4 22 8 5 24 16 32 48 9 49 33 17 25
     Lengths^2: 1 2 1 17 10 5 13 25 2 13 5 10 17 1 10 2 1 10 5 13 25 2 25 13 5 10

27 665    976.000000  (0,0),(1,0),(2,1),(3,3),(3,4),(2,7),(1,9),(-1,12),(-4,16),(-5,17),(-9,20),(-11,21),(-14,22),(-18,23),(-19,23),(-21,22),(-22,21),(-23,19),(-23,18),(-22,16),(-20,13),(-17,9),(-16,8),(-12,5),(-9,3),(-7,2),(-4,1)
    589.7500 s: 2 6 11 3 20 12 28 44 7 45 13 21 37 4 14 8 15 5 16 32 48 9 49 33 17 25
     Lengths^2: 1 2 5 1 10 5 13 25 2 25 5 10 17 1 5 2 5 1 5 13 25 2 25 13 5 10

27 649    937.000000  (0,0),(1,0),(2,1),(3,3),(3,4),(2,7),(1,9),(-1,12),(-4,16),(-5,17),(-9,20),(-12,22),(-14,23),(-17,24),(-18,24),(-19,23),(-20,21),(-21,18),(-21,17),(-20,14),(-19,12),(-17,9),(-16,8),(-12,5),(-9,3),(-7,2),(-4,1)
    590.1719 s: 2 6 11 3 20 12 28 44 7 45 29 13 21 4 8 15 23 5 24 16 32 9 49 33 17 25
     Lengths^2: 1 2 5 1 10 5 13 25 2 25 13 5 10 1 2 5 10 1 10 5 13 2 25 13 5 10
...1
27 649    706.000000  (0,0),(1,0),(3,1),(4,2),(5,4),(5,5),(4,8),(3,10),(1,13),(0,14),(-3,16),(-5,17),(-8,18),(-12,19),(-13,19),(-15,18),(-18,16),(-19,15),(-20,13),(-20,12),(-19,9),(-18,7),(-17,6),(-14,4),(-12,3),(-9,2),(-5,1)
   9170.2812 s: 2 10 6 11 3 20 12 28 7 29 13 21 37 4 14 30 8 15 5 24 16 9 33 17 25 41
     Lengths^2: 1 5 2 5 1 10 5 13 2 13 5 10 17 1 5 13 2 5 1 10 5 2 13 5 10 17

27 647    754.000000  (0,0),(1,0),(3,1),(4,2),(5,4),(5,5),(4,9),(3,12),(2,14),(0,17),(-3,21),(-4,22),(-7,24),(-9,25),(-10,25),(-12,24),(-13,23),(-15,20),(-16,18),(-16,17),(-15,14),(-14,12),(-12,9),(-9,5),(-8,4),(-5,2),(-3,1)
   9249.7031 s: 2 10 6 11 3 36 20 12 28 44 7 29 13 4 14 8 31 15 5 24 16 32 48 9 33 17
     Lengths^2: 1 5 2 5 1 17 10 5 13 25 2 13 5 1 5 2 13 5 1 10 5 13 25 2 13 5

27 625    689.000000  (0,0),(1,0),(3,1),(4,2),(5,4),(6,7),(6,8),(5,11),(4,13),(2,16),(1,17),(-2,19),(-4,20),(-7,21),(-11,22),(-12,22),(-14,21),(-15,20),(-16,18),(-16,17),(-15,14),(-14,12),(-12,9),(-9,5),(-8,4),(-5,2),(-3,1)
   9344.5781 s: 2 10 6 11 19 3 20 12 28 7 29 13 21 37 4 14 8 15 5 24 16 32 48 9 33 17
     Lengths^2: 1 5 2 5 10 1 10 5 13 2 13 5 10 17 1 5 2 5 1 10 5 13 25 2 13 5
....+....2....+....3....+....4....+....5
Min area polygons found so far: 1, next n2 = 6 (1,1)
...+....1....+....2....+....3....+....4....+....5
Min area polygons found so far: 1, next n2 = 10 (2,1)
...+....1....+....2....+....3....+....4....+....5
Min area polygons found so far: 1, next n2 = 18 (3,1)
...+....1....+....2....+....3....+....4....+....5
Min area polygons found so far: 3, next n2 = 26 (3,2)
...+....1....+....2....+....3....+....4....+....5
Min area polygons found so far: 3, next n2 = 34 (4,1)
...+....1....+....2....+....3....+....4....+....5
Min area polygons found so far: 3, next n2 = 42 (4,3)
...+....1....+....2....+....3....+....4....+....5
Min area polygons found so far: 3, next n2 = 50 (5,1)
...+....1....+....2....+....3....+....4....+....5
CPU time:  738957.2500 s
