 \CodeGolf\Lattice-Polygons-main\27> .\27w.exe 50
 Segments after gcd elimination:        1528
  2  1  0
  3  0  1
  6  1  1
 10  2  1
 11  1  2
 18  3  1
 19  1  3
 26  3  2
 27  2  3
 34  4  1
 35  1  4
 42  4  3
 43  3  4
 50  5  1
 51  1  5
 58  5  2
 59  2  5
 66  5  3
 67  3  5
 74  6  1
 75  1  6
 82  5  4
 83  4  5
 90  7  1
 91  1  7
 98  7  2
 99  2  7
 Segments used:          50
 First start step:           1           0

Min area polygons found so far: 0, next n2 = 2 (1,0)
..
27 941    925.000000  (23,0),(24,0),(25,1),(27,4),(28,6),(29,9),(30,13),(30,14),(29,17),(28,19),(27,20),(25,21),(24,21),(19,20),(15,19),(12,18),(7,16),(5,15),(2,13),(1,12),(0,10),(0,9),(1,6),(2,4),(3,3),(5,2),(8,1)
     37.9375 s: 2 3 20 12 28 44 7 45 29 13 21 4 38 22 14 30 8 15 5 16 9 49 33 17 25 41
     Lengths^2: 1 2 13 5 10 17 1 10 5 2 5 1 26 17 10 29 5 13 2 5 1 10 5 2 5 10 226

27 941   -925.000000  (23,0),(24,0),(25,1),(27,4),(28,6),(29,9),(30,13),(30,14),(29,17),(28,19),(27,20),(25,21),(24,21),(19,20),(15,19),(12,18),(7,16),(5,15),(2,13),(1,12),(0,10),(0,9),(1,6),(2,4),(3,3),(5,2),(8,1)
     37.9375 s: 2 3 20 12 28 44 7 45 29 13 21 4 38 22 14 30 8 15 5 16 9 49 33 17 25 41
     Lengths^2: 1 2 13 5 10 17 1 10 5 2 5 1 26 17 10 29 5 13 2 5 1 10 5 2 5 10 226

27 829    666.000000  (18,0),(19,0),(20,1),(22,4),(23,6),(24,9),(25,13),(25,14),(24,17),(23,19),(22,20),(20,21),(17,22),(16,22),(13,21),(8,19),(6,18),(3,16),(2,15),(1,13),(0,10),(0,9),(1,6),(2,4),(3,3),(5,2),(8,1)
     38.3594 s: 2 3 20 12 28 44 7 45 29 13 21 37 4 14 30 8 15 5 16 32 9 49 33 17 25 41
     Lengths^2: 1 2 13 5 10 17 1 10 5 2 5 10 1 10 29 5 13 2 5 10 1 10 5 2 5 10 101

27 771    586.000000  (16,0),(17,0),(18,1),(20,4),(21,6),(22,9),(23,13),(23,14),(22,17),(21,19),(20,20),(18,21),(15,22),(14,22),(10,21),(7,20),(5,19),(4,18),(2,15),(1,13),(0,10),(0,9),(1,6),(2,4),(3,3),(5,2),(8,1)
     38.3906 s: 2 3 20 12 28 44 7 45 29 13 21 37 4 22 14 8 5 24 16 32 9 49 33 17 25 41
     Lengths^2: 1 2 13 5 10 17 1 10 5 2 5 10 1 17 10 5 2 13 5 10 1 10 5 2 5 10 65

27 745    580.000000  (14,0),(15,0),(16,1),(19,5),(20,7),(21,10),(22,14),(22,15),(21,18),(20,20),(19,21),(17,22),(14,23),(13,23),(10,22),(8,21),(5,19),(4,18),(2,15),(1,13),(0,10),(0,9),(1,6),(2,4),(3,3),(5,2),(8,1)
    119.8906 s: 2 3 36 12 28 44 7 45 29 13 21 37 4 14 8 15 5 24 16 32 9 49 33 17 25 41
     Lengths^2: 1 2 25 5 10 17 1 10 5 2 5 10 1 10 5 13 2 13 5 10 1 10 5 2 5 10 37

27 737    656.000000  (13,0),(14,0),(15,1),(18,5),(20,8),(21,10),(22,13),(23,17),(23,18),(22,20),(21,21),(19,22),(16,23),(15,23),(12,22),(10,21),(7,19),(3,16),(2,15),(1,13),(0,10),(0,9),(1,6),(2,4),(3,3),(5,2),(8,1)
    181.2031 s: 2 3 36 20 12 28 44 7 29 13 21 37 4 14 8 15 23 5 16 32 9 49 33 17 25 41
     Lengths^2: 1 2 25 13 5 10 17 1 5 2 5 10 1 10 5 13 25 2 5 10 1 10 5 2 5 10 26

27 715    617.000000  (12,0),(13,0),(14,1),(17,5),(19,8),(20,10),(21,13),(22,17),(22,18),(21,20),(20,21),(18,22),(15,23),(14,23),(10,22),(8,21),(5,19),(4,18),(2,15),(1,13),(0,10),(0,9),(1,6),(2,4),(3,3),(5,2),(8,1)
    181.2188 s: 2 3 36 20 12 28 44 7 29 13 21 37 4 22 8 15 5 24 16 32 9 49 33 17 25 41
     Lengths^2: 1 2 25 13 5 10 17 1 5 2 5 10 1 17 5 13 2 13 5 10 1 10 5 2 5 10 17
.+.
27 701    580.000000  (13,0),(14,0),(16,1),(17,2),(19,5),(20,7),(21,10),(22,14),(22,15),(21,18),(20,20),(19,21),(17,22),(16,22),(13,21),(8,19),(6,18),(3,16),(2,15),(1,13),(0,10),(0,9),(1,6),(2,4),(3,3),(5,2),(8,1)
    355.1094 s: 2 6 3 20 12 28 44 7 45 29 13 21 4 14 30 8 15 5 16 32 9 49 33 17 25 41
     Lengths^2: 1 5 2 13 5 10 17 1 10 5 2 5 1 10 29 5 13 2 5 10 1 10 5 2 5 10 26

27 683    549.000000  (12,0),(13,0),(15,1),(16,2),(18,5),(19,7),(20,10),(21,14),(21,15),(20,18),(19,20),(18,21),(16,22),(15,22),(11,21),(8,20),(6,19),(3,17),(2,16),(1,14),(0,10),(0,9),(1,6),(2,4),(3,3),(5,2),(8,1)
    355.1250 s: 2 6 3 20 12 28 44 7 45 29 13 21 4 22 14 8 15 5 16 48 9 49 33 17 25 41
     Lengths^2: 1 5 2 13 5 10 17 1 10 5 2 5 1 17 10 5 13 2 5 17 1 10 5 2 5 10 17

27 665    549.000000  (11,0),(12,0),(14,1),(15,2),(17,5),(18,7),(19,10),(20,14),(20,15),(19,18),(18,20),(17,21),(15,22),(12,23),(11,23),(9,22),(6,20),(5,19),(3,16),(2,14),(1,11),(0,7),(0,6),(1,4),(2,3),(4,2),(7,1)
    355.2188 s: 2 6 3 20 12 28 44 7 45 29 13 21 37 4 8 15 5 24 16 32 48 9 33 17 25 41
     Lengths^2: 1 5 2 13 5 10 17 1 10 5 2 5 10 1 5 13 2 13 5 10 17 1 5 2 5 10 17

27 655    580.000000  (9,0),(10,0),(12,1),(15,3),(16,4),(18,7),(19,9),(20,12),(21,16),(21,17),(20,19),(19,20),(17,21),(14,22),(13,22),(10,21),(8,20),(5,18),(4,17),(2,14),(1,12),(0,9),(0,8),(1,5),(2,3),(3,2),(5,1)
    643.5469 s: 2 6 11 3 20 12 28 44 7 29 13 21 37 4 14 8 15 5 24 16 32 9 49 33 17 25
     Lengths^2: 1 5 13 2 13 5 10 17 1 5 2 5 10 1 10 5 13 2 13 5 10 1 10 5 2 5 17

27 649    637.000000  (24,8),(24,9),(23,11),(21,14),(20,15),(17,17),(15,18),(12,19),(8,20),(7,20),(4,19),(2,18),(1,17),(0,15),(0,14),(1,12),(3,9),(6,5),(7,4),(10,2),(12,1),(15,0),(16,0),(19,1),(21,2),(22,3),(23,5)
    646.2344 s: 2 6 11 3 20 12 28 44 7 45 29 13 21 4 8 15 23 5 24 16 32 9 49 33 17 25
     Lengths^2: 1 5 13 2 13 5 10 17 1 10 5 2 5 1 5 13 25 2 13 5 10 1 10 5 2 5 10

27 649    596.000000  (20,5),(21,6),(22,8),(23,11),(23,12),(22,15),(21,17),(20,18),(18,19),(15,20),(14,20),(11,19),(9,18),(6,16),(5,15),(2,11),(1,9),(0,6),(0,5),(1,3),(2,2),(4,1),(7,0),(8,0),(12,1),(15,2),(17,3)
    782.8438 s: 2 6 11 3 36 20 12 28 44 7 29 13 21 4 22 8 15 5 24 16 32 48 9 49 33 17
     Lengths^2: 2 5 10 1 10 5 2 5 10 1 10 5 13 2 25 5 10 1 5 2 5 10 1 17 10 5 13

27 645    689.000000  (18,7),(19,8),(20,10),(21,13),(22,17),(22,18),(21,20),(20,21),(18,22),(17,22),(13,21),(10,20),(8,19),(5,17),(4,16),(2,13),(1,11),(0,8),(0,7),(1,4),(2,2),(3,1),(5,0),(6,0),(9,1),(11,2),(14,4)
    954.6719 s: 2 6 11 19 3 20 12 28 7 45 29 13 21 4 14 8 15 5 40 24 16 32 9 33 17 25
     Lengths^2: 2 5 10 17 1 5 2 5 1 17 10 5 13 2 13 5 10 1 10 5 2 5 1 10 5 13 25
...1
27 637    530.000000  (11,0),(12,0),(15,1),(17,2),(18,3),(20,6),(21,8),(22,11),(22,12),(21,15),(20,17),(19,18),(17,19),(14,20),(13,20),(10,19),(8,18),(5,16),(4,15),(2,12),(1,10),(0,7),(0,6),(1,4),(2,3),(4,2),(7,1)
  10353.5000 s: 2 10 6 3 20 12 28 7 45 29 13 21 37 4 14 8 15 5 24 16 32 9 33 17 25 41
     Lengths^2: 1 10 5 2 13 5 10 1 10 5 2 5 10 1 10 5 13 2 13 5 10 1 5 2 5 10 17

27 625    689.000000  (17,0),(18,0),(20,1),(21,2),(22,4),(22,5),(21,8),(20,10),(18,13),(15,17),(14,18),(11,20),(9,21),(6,22),(5,22),(3,21),(2,20),(1,18),(0,15),(0,14),(1,11),(2,9),(4,6),(5,5),(8,3),(10,2),(13,1)
  10591.4375 s: 2 10 6 11 3 20 12 28 44 7 29 13 21 4 14 8 15 23 5 24 16 32 9 33 17 25
     Lengths^2: 1 5 2 5 1 10 5 13 25 2 13 5 10 1 5 2 5 10 1 10 5 13 2 13 5 10 17
....+....2....+....3....